# This file has automatically been generated
# biogeme 2.6a [Mon 27 Nov 11:09:14 CET 2017]
# <a href='http://people.epfl.ch/michel.bierlaire'>Michel Bierlaire</a>, <a href='http://transp-or.epfl.ch'>Transport and Mobility Laboratory</a>, <a href='http://www.epfl.ch'>Ecole Polytechnique F&eacute;d&eacute;rale de Lausanne (EPFL)</a>
# Sun Apr 15 16:24:47 2018</p>
#
ASC_CAR = Beta('ASC_CAR',0,-10000,10000,1,'ASC_CAR' )

BETA_CAR_TT = Beta('BETA_CAR_TT',-0.0104934,-10000,10000,0,'BETA_CAR_TT' )

BETA_CAR_CO = Beta('BETA_CAR_CO',-0.00655969,-10000,10000,0,'BETA_CAR_CO' )

BETA_SENIOR = Beta('BETA_SENIOR',-1.05746,-10000,10000,0,'BETA_SENIOR' )

ASC_TRAIN = Beta('ASC_TRAIN',0.982647,-10000,10000,0,'ASC_TRAIN' )

BETA_TRAIN_TT = Beta('BETA_TRAIN_TT',-0.0179689,-10000,10000,0,'BETA_TRAIN_TT' )

BETA_TRAIN_CO = Beta('BETA_TRAIN_CO',-0.0145576,-10000,10000,0,'BETA_TRAIN_CO' )

BETA_HE = Beta('BETA_HE',-0.00687686,-10000,10000,0,'BETA_HE' )

ASC_SM = Beta('ASC_SM',0.786175,-10000,10000,0,'ASC_SM' )

BETA_SM_TT = Beta('BETA_SM_TT',-0.0144307,-10000,10000,0,'BETA_SM_TT' )

BETA_SM_CO = Beta('BETA_SM_CO',-0.0080009,-10000,10000,0,'BETA_SM_CO' )


## Code for the sensitivity analysis
names = ['ASC_SM','ASC_TRAIN','BETA_CAR_CO','BETA_CAR_TT','BETA_HE','BETA_SENIOR','BETA_SM_CO','BETA_SM_TT','BETA_TRAIN_CO','BETA_TRAIN_TT']
values = [[0.00584514,0.00522506,-4.72749e-08,1.43138e-05,-2.27993e-05,-0.000134653,1.40171e-06,-3.27409e-05,3.95595e-06,-1.11826e-05],[0.00522506,0.0219506,1.41114e-07,1.25517e-05,-7.32718e-05,0.000512547,2.67762e-06,-2.08971e-05,2.29328e-05,-0.000115115],[-4.72749e-08,1.41114e-07,9.50057e-07,-5.31083e-07,2.9272e-08,1.57107e-06,7.15948e-08,4.79031e-08,8.65772e-08,1.88539e-08],[1.43138e-05,1.25517e-05,-5.31083e-07,9.09914e-07,-2.16923e-08,-8.19383e-07,2.00329e-07,4.78339e-07,2.1725e-07,2.89117e-07],[-2.27993e-05,-7.32718e-05,2.9272e-08,-2.16923e-08,1.09682e-06,-2.39037e-08,-4.44335e-09,7.84691e-09,-1.64855e-08,3.98849e-08],[-0.000134653,0.000512547,1.57107e-06,-8.19383e-07,-2.39037e-08,0.0129221,2.94745e-07,7.97397e-07,7.76826e-06,5.74264e-06],[1.40171e-06,2.67762e-06,7.15948e-08,2.00329e-07,-4.44335e-09,2.94745e-07,2.71469e-07,4.99765e-08,2.80589e-07,5.07755e-08],[-3.27409e-05,-2.08971e-05,4.79031e-08,4.78339e-07,7.84691e-09,7.97397e-07,4.99765e-08,1.08107e-06,5.58764e-08,5.15197e-07],[3.95595e-06,2.29328e-05,8.65772e-08,2.1725e-07,-1.64855e-08,7.76826e-06,2.80589e-07,5.58764e-08,2.6661e-06,-1.10643e-06],[-1.11826e-05,-0.000115115,1.88539e-08,2.89117e-07,3.98849e-08,5.74264e-06,5.07755e-08,5.15197e-07,-1.10643e-06,1.58436e-06]]
vc = bioMatrix(10,names,values)
BIOGEME_OBJECT.VARCOVAR = vc
