Iter 0

Size = 10
Data size = 55
[ 5.52761e+07 3.18052e+07 10213.3 -147469 -2.94138e+07 -1.51865e+07 -1.33567e+07 -147469 -1.52661e+07 -1.82718e+07 ;
3.18052e+07 2.20558e+07 6663.11 -93807.2 -1.86028e+07 -9.76576e+06 -8.49216e+06 -93807.2 -9.6073e+06 -1.17611e+07 ;
10213.3 6663.11 140 -140 -24519.3 -12102 -8438.89 70 6869.67 7226.22 ;
-147469 -93807.2 -140 2008 348772 183262 120511 -1004 -91746.9 -110635 ;
-2.94138e+07 -1.86028e+07 -24519.3 348772 7.29777e+07 3.58679e+07 2.11031e+07 -174386 -1.95718e+07 -2.15367e+07 ;
-1.51865e+07 -9.76576e+06 -12102 183262 3.58679e+07 2.53428e+07 1.10846e+07 -91631.1 -9.35571e+06 -1.52855e+07 ;
-1.33567e+07 -8.49216e+06 -8438.89 120511 2.11031e+07 1.10846e+07 1.07783e+07 -30062.2 -2.78024e+06 -3.35134e+06 ;
-147469 -93807.2 70 -1004 -174386 -91631.1 -30062.2 2008 183494 221269 ;
-1.52661e+07 -9.6073e+06 6869.67 -91746.9 -1.95718e+07 -9.35571e+06 -2.78024e+06 183494 2.30114e+07 2.22956e+07 ;
-1.82718e+07 -1.17611e+07 7226.22 -110635 -2.15367e+07 -1.52855e+07 -3.35134e+06 221269 2.22956e+07 3.73847e+07 ;
]
+++++++++++++
Iter 1

Size = 10
Data size = 55
[ 4.18845e+07 2.59002e+07 3578.3 -52215.1 -8.8526e+06 -5.25407e+06 -7.45165e+06 -200422 -2.1173e+07 -2.59456e+07 ;
2.59002e+07 1.80139e+07 2345.86 -33855.5 -5.7164e+06 -3.43941e+06 -4.83671e+06 -129290 -1.35615e+07 -1.68625e+07 ;
3578.3 2345.86 78.5873 -78.5873 -12062.2 -5978.54 -4230.08 48.6879 4199.5 4294.58 ;
-52215.1 -33855.5 -78.5873 1117.01 172819 90906.5 59221.6 -689.322 -57110.6 -64091 ;
-8.8526e+06 -5.7164e+06 -12062.2 172819 3.12393e+07 1.59075e+07 9.11725e+06 -109914 -1.04849e+07 -1.17121e+07 ;
-5.25407e+06 -3.43941e+06 -5978.54 90906.5 1.59075e+07 1.14384e+07 4.90438e+06 -53144.6 -4.9332e+06 -7.46164e+06 ;
-7.45165e+06 -4.83671e+06 -4230.08 59221.6 9.11725e+06 4.90438e+06 5.41705e+06 -2980.28 70780.7 282494 ;
-200422 -129290 48.6879 -689.322 -109914 -53144.6 -2980.28 2102.52 189742 223335 ;
-2.1173e+07 -1.35615e+07 4199.5 -57110.6 -1.04849e+07 -4.9332e+06 70780.7 189742 2.2411e+07 2.24303e+07 ;
-2.59456e+07 -1.68625e+07 4294.58 -64091 -1.17121e+07 -7.46164e+06 282494 223335 2.24303e+07 3.54083e+07 ;
]
+++++++++++++
Iter 2

Size = 10
Data size = 55
[ 4.13663e+07 2.5577e+07 2475.47 -34449.1 -5.47747e+06 -2.79295e+06 -6.6389e+06 -217356 -2.27003e+07 -2.81543e+07 ;
2.5577e+07 1.77876e+07 1598.22 -22213.3 -3.51164e+06 -1.81105e+06 -4.30409e+06 -140294 -1.45447e+07 -1.83583e+07 ;
2475.47 1598.22 57.3145 -57.3145 -8145.33 -3592.36 -3102.12 34.9429 2817.3 2591.2 ;
-34449.1 -22213.3 -57.3145 788.234 113358 52981.9 41856.2 -484.754 -37567.8 -38160.3 ;
-5.47747e+06 -3.51164e+06 -8145.33 113358 1.90478e+07 8.69828e+06 6.00757e+06 -71262.2 -6.39039e+06 -6.46843e+06 ;
-2.79295e+06 -1.81105e+06 -3592.36 52981.9 8.69828e+06 5.68901e+06 2.84694e+06 -31598.4 -2.76864e+06 -3.91749e+06 ;
-6.6389e+06 -4.30409e+06 -3102.12 41856.2 6.00757e+06 2.84694e+06 4.08853e+06 8920.79 1.16756e+06 1.79551e+06 ;
-217356 -140294 34.9429 -484.754 -71262.2 -31598.4 8920.79 2027.06 180724 213577 ;
-2.27003e+07 -1.45447e+07 2817.3 -37567.8 -6.39039e+06 -2.76864e+06 1.16756e+06 180724 2.04545e+07 2.10101e+07 ;
-2.81543e+07 -1.83583e+07 2591.2 -38160.3 -6.46843e+06 -3.91749e+06 1.79551e+06 213577 2.10101e+07 3.40547e+07 ;
]
+++++++++++++
Iter 3

Size = 10
Data size = 55
[ 3.97629e+07 2.46041e+07 2011.81 -27433.8 -4.18021e+06 -2.04865e+06 -6.20517e+06 -216175 -2.25562e+07 -2.80088e+07 ;
2.46041e+07 1.70994e+07 1291.69 -17665.3 -2.67596e+06 -1.32657e+06 -4.02314e+06 -139531 -1.44559e+07 -1.82678e+07 ;
2011.81 1291.69 50.0731 -50.0731 -6788.69 -2841.6 -2789.82 30.9816 2408.68 2068.26 ;
-27433.8 -17665.3 -50.0731 674.07 92755 40968.3 36786.5 -421.954 -31443 -29842.3 ;
-4.18021e+06 -2.67596e+06 -6788.69 92755 1.4897e+07 6.47099e+06 5.06549e+06 -59136.1 -5.11133e+06 -4.85233e+06 ;
-2.04865e+06 -1.32657e+06 -2841.6 40968.3 6.47099e+06 4.05352e+06 2.27286e+06 -24696.2 -2.0984e+06 -2.82319e+06 ;
-6.20517e+06 -4.02314e+06 -2789.82 36786.5 5.06549e+06 2.27286e+06 3.73311e+06 11066.1 1.39018e+06 2.10965e+06 ;
-216175 -139531 30.9816 -421.954 -59136.1 -24696.2 11066.1 1963.43 174422 204656 ;
-2.25562e+07 -1.44559e+07 2408.68 -31443 -5.11133e+06 -2.0984e+06 1.39018e+06 174422 1.96345e+07 2.01059e+07 ;
-2.80088e+07 -1.82678e+07 2068.26 -29842.3 -4.85233e+06 -2.82319e+06 2.10965e+06 204656 2.01059e+07 3.2236e+07 ;
]
+++++++++++++
Iter 4

Size = 10
Data size = 55
[ 4.06414e+07 2.51033e+07 4289.35 -25380.5 -4.07718e+06 -2.00629e+06 -6.02747e+06 -217448 -2.27402e+07 -2.861e+07 ;
2.51033e+07 1.73978e+07 2761.88 -16318.9 -2.60086e+06 -1.30199e+06 -3.90282e+06 -140212 -1.45569e+07 -1.86251e+07 ;
4289.35 2761.88 103.222 -103.222 -15176.6 -6753.27 -5635.41 66.7383 5326.89 5008.49 ;
-25380.5 -16318.9 -103.222 658.576 91162.2 40336.2 33794.4 -434.79 -32044.6 -30140.7 ;
-4.07718e+06 -2.60086e+06 -15176.6 91162.2 1.47618e+07 6.38128e+06 4.6931e+06 -59807.4 -5.13084e+06 -4.79013e+06 ;
-2.00629e+06 -1.30199e+06 -6753.27 40336.2 6.38128e+06 3.99314e+06 2.1135e+06 -24889.1 -2.07993e+06 -2.79268e+06 ;
-6.02747e+06 -3.90282e+06 -5635.41 33794.4 4.6931e+06 2.1135e+06 3.39355e+06 11251.3 1.43348e+06 2.21956e+06 ;
-217448 -140212 66.7383 -434.79 -59807.4 -24889.1 11251.3 1957.21 174242 206856 ;
-2.27402e+07 -1.45569e+07 5326.89 -32044.6 -5.13084e+06 -2.07993e+06 1.43348e+06 174242 1.947e+07 2.01429e+07 ;
-2.861e+07 -1.86251e+07 5008.49 -30140.7 -4.79013e+06 -2.79268e+06 2.21956e+06 206856 2.01429e+07 3.2774e+07 ;
]
+++++++++++++
Iter 5

Size = 10
Data size = 55
[ 4.06769e+07 2.51239e+07 4117.4 -24076.8 -3.83319e+06 -1.88003e+06 -5.97207e+06 -219028 -2.29058e+07 -2.87773e+07 ;
2.51239e+07 1.74127e+07 2651.74 -15483 -2.44535e+06 -1.22017e+06 -3.86706e+06 -141222 -1.46614e+07 -1.87336e+07 ;
4117.4 2651.74 100.339 -100.339 -14615.8 -6475.93 -5458.05 65.0091 5156.01 4817.05 ;
-24076.8 -15483 -100.339 631.539 86690.4 38192.3 32284.9 -417.569 -30562.6 -28595.1 ;
-3.83319e+06 -2.44535e+06 -14615.8 86690.4 1.39188e+07 5.99517e+06 4.4453e+06 -56973.2 -4.85508e+06 -4.50999e+06 ;
-1.88003e+06 -1.22017e+06 -6475.93 38192.3 5.99517e+06 3.75024e+06 1.99378e+06 -23607.9 -1.96107e+06 -2.6288e+06 ;
-5.97207e+06 -3.86706e+06 -5458.05 32284.9 4.4453e+06 1.99378e+06 3.27489e+06 12346.2 1.52859e+06 2.31775e+06 ;
-219028 -141222 65.0091 -417.569 -56973.2 -23607.9 12346.2 1952.3 173894 206479 ;
-2.29058e+07 -1.46614e+07 5156.01 -30562.6 -4.85508e+06 -1.96107e+06 1.52859e+06 173894 1.94486e+07 2.01179e+07 ;
-2.87773e+07 -1.87336e+07 4817.05 -28595.1 -4.50999e+06 -2.6288e+06 2.31775e+06 206479 2.01179e+07 3.27448e+07 ;
]
+++++++++++++
Iter 6

Size = 10
Data size = 55
[ 4.04852e+07 2.50026e+07 3402.07 -24503.9 -3.74654e+06 -1.85091e+06 -5.95381e+06 -218010 -2.28971e+07 -2.86952e+07 ;
2.50026e+07 1.73277e+07 2195.07 -15766.4 -2.39302e+06 -1.20109e+06 -3.85527e+06 -140528 -1.4652e+07 -1.86805e+07 ;
3402.07 2195.07 86.6545 -86.6545 -12051.6 -5278.21 -4610.57 56.0752 4306.15 3934.32 ;
-24503.9 -15766.4 -86.6545 656.887 87466.9 38583 32918.5 -432.084 -30783.3 -28749.2 ;
-3.74654e+06 -2.39302e+06 -12051.6 87466.9 1.35738e+07 5.86413e+06 4.38369e+06 -57390 -4.74972e+06 -4.41143e+06 ;
-1.85091e+06 -1.20109e+06 -5278.21 38583 5.86413e+06 3.72486e+06 1.96935e+06 -23728 -1.92265e+06 -2.59434e+06 ;
-5.95381e+06 -3.85527e+06 -4610.57 32918.5 4.38369e+06 1.96935e+06 3.28728e+06 11928 1.54771e+06 2.33042e+06 ;
-218010 -140528 56.0752 -432.084 -57390 -23728 11928 1954.91 173786 205791 ;
-2.28971e+07 -1.4652e+07 4306.15 -30783.3 -4.74972e+06 -1.92265e+06 1.54771e+06 173786 1.94365e+07 2.00648e+07 ;
-2.86952e+07 -1.86805e+07 3934.32 -28749.2 -4.41143e+06 -2.59434e+06 2.33042e+06 205791 2.00648e+07 3.25613e+07 ;
]
+++++++++++++
Iter 7

Size = 10
Data size = 55
[ 4.05055e+07 2.50144e+07 3377.37 -24290.5 -3.70807e+06 -1.83082e+06 -5.94645e+06 -218340 -2.29294e+07 -2.87295e+07 ;
2.50144e+07 1.73358e+07 2179.18 -15629.5 -2.36844e+06 -1.18803e+06 -3.85045e+06 -140737 -1.46722e+07 -1.87024e+07 ;
3377.37 2179.18 86.1748 -86.1748 -11964.6 -5236.23 -4582.48 55.7714 4277.33 3903.76 ;
-24290.5 -15629.5 -86.1748 652.099 86697.2 38213.5 32659.2 -428.959 -30519.2 -28475.8 ;
-3.70807e+06 -2.36844e+06 -11964.6 86697.2 1.34334e+07 5.79967e+06 4.34247e+06 -56888.3 -4.70193e+06 -4.3632e+06 ;
-1.83082e+06 -1.18803e+06 -5236.23 38213.5 5.79967e+06 3.68392e+06 1.94941e+06 -23501.3 -1.90201e+06 -2.56596e+06 ;
-5.94645e+06 -3.85045e+06 -4582.48 32659.2 4.34247e+06 1.94941e+06 3.2674e+06 12127 1.56454e+06 2.34776e+06 ;
-218340 -140737 55.7714 -428.959 -56888.3 -23501.3 12127 1954.27 173738 205745 ;
-2.29294e+07 -1.46722e+07 4277.33 -30519.2 -4.70193e+06 -1.90201e+06 1.56454e+06 173738 1.94329e+07 2.00615e+07 ;
-2.87295e+07 -1.87024e+07 3903.76 -28475.8 -4.3632e+06 -2.56596e+06 2.34776e+06 205745 2.00615e+07 3.25583e+07 ;
]
+++++++++++++
Iter 8

Size = 10
Data size = 55
[ 4.0569e+07 2.50461e+07 3324.63 -23955 -3.65825e+06 -1.81163e+06 -5.90692e+06 -218170 -2.29358e+07 -2.87832e+07 ;
2.50461e+07 1.73503e+07 2146.61 -15411.7 -2.33621e+06 -1.17555e+06 -3.82396e+06 -140596 -1.46729e+07 -1.87328e+07 ;
3324.63 2146.61 85.9237 -85.9237 -11885.9 -5205.37 -4523.11 56.099 4274.4 3900.9 ;
-23955 -15411.7 -85.9237 653.293 86420.1 38128.9 32226.1 -433.472 -30624.4 -28544 ;
-3.65825e+06 -2.33621e+06 -11885.9 86420.1 1.33145e+07 5.75033e+06 4.26266e+06 -57028.6 -4.67885e+06 -4.3336e+06 ;
-1.81163e+06 -1.17555e+06 -5205.37 38128.9 5.75033e+06 3.66606e+06 1.91613e+06 -23547.1 -1.89129e+06 -2.55562e+06 ;
-5.90692e+06 -3.82396e+06 -4523.11 32226.1 4.26266e+06 1.91613e+06 3.20906e+06 12080.4 1.57456e+06 2.36538e+06 ;
-218170 -140596 56.099 -433.472 -57028.6 -23547.1 12080.4 1951.87 173538 205809 ;
-2.29358e+07 -1.46729e+07 4274.4 -30624.4 -4.67885e+06 -1.89129e+06 1.57456e+06 173538 1.93838e+07 2.00392e+07 ;
-2.87832e+07 -1.87328e+07 3900.9 -28544 -4.3336e+06 -2.55562e+06 2.36538e+06 205809 2.00392e+07 3.25875e+07 ;
]
+++++++++++++
Iter 9

Size = 10
Data size = 55
[ 4.05644e+07 2.50433e+07 3314.04 -23950.3 -3.65749e+06 -1.81121e+06 -5.90625e+06 -218150 -2.29338e+07 -2.87809e+07 ;
2.50433e+07 1.73484e+07 2139.69 -15408.5 -2.33573e+06 -1.17525e+06 -3.82353e+06 -140584 -1.46716e+07 -1.87314e+07 ;
3314.04 2139.69 85.7051 -85.7051 -11850.4 -5187.82 -4510.36 55.9651 4262.95 3888.25 ;
-23950.3 -15408.5 -85.7051 653.295 86418.1 38125 32225.8 -433.516 -30626.8 -28543.2 ;
-3.65749e+06 -2.33573e+06 -11850.4 86418.1 1.33138e+07 5.74967e+06 4.26255e+06 -57032.2 -4.67902e+06 -4.3334e+06 ;
-1.81121e+06 -1.17525e+06 -5187.82 38125 5.74967e+06 3.66539e+06 1.91593e+06 -23546.5 -1.89125e+06 -2.55532e+06 ;
-5.90625e+06 -3.82353e+06 -4510.36 32225.8 4.26255e+06 1.91593e+06 3.20897e+06 12076 1.57421e+06 2.36515e+06 ;
-218150 -140584 55.9651 -433.516 -57032.2 -23546.5 12076 1951.8 173530 205796 ;
-2.29338e+07 -1.46716e+07 4262.95 -30626.8 -4.67902e+06 -1.89125e+06 1.57421e+06 173530 1.93826e+07 2.00378e+07 ;
-2.87809e+07 -1.87314e+07 3888.25 -28543.2 -4.3334e+06 -2.55532e+06 2.36515e+06 205796 2.00378e+07 3.25848e+07 ;
]
+++++++++++++
Iter 10

Size = 10
Data size = 55
[ 4.05646e+07 2.50434e+07 3313.53 -23948.7 -3.65698e+06 -1.811e+06 -5.90605e+06 -218150 -2.2934e+07 -2.87812e+07 ;
2.50434e+07 1.73485e+07 2139.38 -15407.5 -2.3354e+06 -1.17512e+06 -3.82339e+06 -140583 -1.46718e+07 -1.87316e+07 ;
3313.53 2139.38 85.6998 -85.6998 -11848.9 -5187.24 -4509.82 55.963 4262.51 3887.89 ;
-23948.7 -15407.5 -85.6998 653.318 86414.4 38123.7 32223.9 -433.541 -30626.1 -28542.5 ;
-3.65698e+06 -2.3354e+06 -11848.9 86414.4 1.33121e+07 5.74896e+06 4.26194e+06 -57030.8 -4.6785e+06 -4.33288e+06 ;
-1.811e+06 -1.17512e+06 -5187.24 38123.7 5.74896e+06 3.66511e+06 1.91568e+06 -23545.8 -1.89104e+06 -2.5551e+06 ;
-5.90605e+06 -3.82339e+06 -4509.82 32223.9 4.26194e+06 1.91568e+06 3.20868e+06 12076.1 1.57437e+06 2.36532e+06 ;
-218150 -140583 55.963 -433.541 -57030.8 -23545.8 12076.1 1951.79 173528 205796 ;
-2.2934e+07 -1.46718e+07 4262.51 -30626.1 -4.6785e+06 -1.89104e+06 1.57437e+06 173528 1.93824e+07 2.00377e+07 ;
-2.87812e+07 -1.87316e+07 3887.89 -28542.5 -4.33288e+06 -2.5551e+06 2.36532e+06 205796 2.00377e+07 3.25848e+07 ;
]
+++++++++++++
