============== BHHH ===============

Size = 10
Data size = 55
[ 4.30035e+07 2.38327e+07 3366.79 -21768.4 -3.57005e+06 -2.18876e+06 -5.67207e+06 -211063 -2.32428e+07 -2.91053e+07 ;
2.38327e+07 1.67143e+07 2395.27 -14309.9 -2.29735e+06 -1.53942e+06 -3.63029e+06 -134489 -1.47896e+07 -1.91081e+07 ;
3366.79 2395.27 81.7196 -81.7196 -11090.4 -4210.32 -4702.37 48.6955 3927.07 2195.92 ;
-21768.4 -14309.9 -81.7196 643.644 86421.4 39419.4 31652.1 -436.933 -30502.8 -24943.3 ;
-3.57005e+06 -2.29735e+06 -11090.4 86421.4 1.4389e+07 5.72386e+06 4.27844e+06 -59163.1 -4.96953e+06 -3.8812e+06 ;
-2.18876e+06 -1.53942e+06 -4210.32 39419.4 5.72386e+06 5.66068e+06 2.0894e+06 -19617.9 -1.49094e+06 -2.61085e+06 ;
-5.67207e+06 -3.63029e+06 -4702.37 31652.1 4.27844e+06 2.0894e+06 3.18255e+06 10745.1 1.53373e+06 2.75255e+06 ;
-211063 -134489 48.6955 -436.933 -59163.1 -19617.9 10745.1 1911.14 172205 216587 ;
-2.32428e+07 -1.47896e+07 3927.07 -30502.8 -4.96953e+06 -1.49094e+06 1.53373e+06 172205 2.38571e+07 2.03926e+07 ;
-2.91053e+07 -1.91081e+07 2195.92 -24943.3 -3.8812e+06 -2.61085e+06 2.75255e+06 216587 2.03926e+07 4.02808e+07 ;
]

============== Hessian ===============

Size = 10
Data size = 55
[ 4.05646e+07 2.50434e+07 3313.53 -23948.7 -3.65698e+06 -1.811e+06 -5.90605e+06 -218150 -2.2934e+07 -2.87812e+07 ;
2.50434e+07 1.73485e+07 2139.38 -15407.5 -2.3354e+06 -1.17512e+06 -3.82339e+06 -140583 -1.46718e+07 -1.87316e+07 ;
3313.53 2139.38 85.6998 -85.6998 -11848.9 -5187.24 -4509.82 55.963 4262.51 3887.89 ;
-23948.7 -15407.5 -85.6998 653.318 86414.4 38123.7 32223.9 -433.541 -30626.1 -28542.5 ;
-3.65698e+06 -2.3354e+06 -11848.9 86414.4 1.33121e+07 5.74896e+06 4.26194e+06 -57030.8 -4.6785e+06 -4.33288e+06 ;
-1.811e+06 -1.17512e+06 -5187.24 38123.7 5.74896e+06 3.66511e+06 1.91568e+06 -23545.8 -1.89104e+06 -2.5551e+06 ;
-5.90605e+06 -3.82339e+06 -4509.82 32223.9 4.26194e+06 1.91568e+06 3.20868e+06 12076.1 1.57437e+06 2.36532e+06 ;
-218150 -140583 55.963 -433.541 -57030.8 -23545.8 12076.1 1951.79 173528 205796 ;
-2.2934e+07 -1.46718e+07 4262.51 -30626.1 -4.6785e+06 -1.89104e+06 1.57437e+06 173528 1.93824e+07 2.00377e+07 ;
-2.87812e+07 -1.87316e+07 3887.89 -28542.5 -4.33288e+06 -2.5551e+06 2.36532e+06 205796 2.00377e+07 3.25848e+07 ;
]

